[0. 0. 0. ... 0. 0. 0.]
[0. 0. 0. ... 0. 0. 0.]
[ 0.       0.       0.      ...  0.      26.84047  0.     ]
[0.        0.        0.        ... 3.9021418 0.        0.       ]
[0. 0. 0. ... 0. 0. 0.]
[0. 0. 0. ... 0. 0. 0.]
[0.        0.        0.        ... 0.0455691 4.9268103 6.845302 ]
[0.        0.        0.        ... 0.        6.4939094 0.       ]
[0. 0. 0. ... 0. 0. 0.]
[0.       0.       0.       ... 0.       4.063327 3.644449]
[0. 0. 0. ... 0. 0. 0.]
[ 0.        0.        0.       ...  0.       10.931821  0.      ]
[0. 0. 0. ... 0. 0. 0.]
[ 0.        0.        0.       ... 23.493973  0.        0.      ]
[0. 0. 0. ... 0. 0. 0.]
[ 0.        0.        0.       ...  0.       27.389753 15.799355]
[0. 0. 0. ... 0. 0. 0.]
[0.        0.        0.        ... 0.        3.8021934 0.       ]
[ 0.       0.       0.      ... 17.03056  0.       0.     ]
[0.        0.        0.        ... 0.        1.5220139 0.       ]
[ 0.        0.        0.       ...  0.       14.846384  0.      ]
[ 0.        10.868865   0.        ...  0.         6.2777033  0.       ]
[ 0.        0.        0.       ... 41.775444 14.082727  0.      ]
[0. 0. 0. ... 0. 0. 0.]
[0. 0. 0. ... 0. 0. 0.]
[0. 0. 0. ... 0. 0. 0.]
[0.        0.        0.        ... 0.        3.1816585 0.       ]
[0.        0.        1.8009508 ... 0.        0.        0.       ]
[ 0.        0.        0.       ...  0.        0.       29.444141]
[0. 0. 0. ... 0. 0. 0.]
[0.       0.       0.       ... 0.       1.546437 0.      ]
[0.        0.        0.        ... 0.        3.8021934 0.       ]
[ 0.         0.         0.        ...  0.         7.3453164 22.8365   ]
[0.       0.       0.       ... 0.       4.215215 0.      ]
[0. 0. 0. ... 0. 0. 0.]
[ 0.        0.        0.       ... 33.556942  0.       55.011257]
[ 0.        0.        0.       ...  0.       18.092606 13.231107]
[0. 0. 0. ... 0. 0. 0.]
[0. 0. 0. ... 0. 0. 0.]
[0. 0. 0. ... 0. 0. 0.]
[ 0.        0.        0.       ...  0.       16.795677  0.      ]
[0.      0.      5.68932 ... 0.      0.      0.     ]
[0. 0. 0. ... 0. 0. 0.]
[0. 0. 0. ... 0. 0. 0.]
[0.         0.         0.         ... 0.         0.         0.92441356]
[ 0.         0.         0.        ... 16.276855   0.8287677  0.       ]
[0.        0.        0.        ... 0.        2.703429  5.8224883]
[0. 0. 0. ... 0. 0. 0.]
[ 0.        0.        0.       ... 57.461937  9.528531  0.      ]
[0. 0. 0. ... 0. 0. 0.]
[0.        0.        0.        ... 0.        0.        2.5435607]
[0. 0. 0. ... 0. 0. 0.]
[0. 0. 0. ... 0. 0. 0.]
[ 0.        0.        0.       ...  0.        0.       13.076348]
[ 0.       0.       0.      ... 28.02135  0.       0.     ]
[0.        0.        0.        ... 0.        4.0877876 0.       ]
[0. 0. 0. ... 0. 0. 0.]
[0. 0. 0. ... 0. 0. 0.]
[0. 0. 0. ... 0. 0. 0.]
[0. 0. 0. ... 0. 0. 0.]
[0. 0. 0. ... 0. 0. 0.]
[0. 0. 0. ... 0. 0. 0.]
[ 0.        0.        0.       ... 14.717659  0.        0.      ]
[ 0.        0.        0.       ...  0.       14.804808 25.23742 ]
[0. 0. 0. ... 0. 0. 0.]
[0. 0. 0. ... 0. 0. 0.]
[0. 0. 0. ... 0. 0. 0.]
[  0.         0.         0.       ...  31.66575   12.162542 126.90676 ]
[0. 0. 0. ... 0. 0. 0.]
[0.       0.       0.       ... 6.461638 5.346103 0.      ]
[0. 0. 0. ... 0. 0. 0.]
[0.        0.        0.        ... 0.        5.9314322 0.5106658]
[ 0.        0.        0.       ...  0.       11.161781  9.218136]
[ 0.        0.        0.       ...  0.       24.048157  0.      ]
[ 0.        0.        0.       ... 34.335915  0.       53.888878]
[0. 0. 0. ... 0. 0. 0.]
[0.        0.        0.        ... 3.4383113 0.        0.       ]
[0. 0. 0. ... 0. 0. 0.]
[0. 0. 0. ... 0. 0. 0.]
[0. 0. 0. ... 0. 0. 0.]
[ 0.        0.        0.       ...  0.        0.       13.915342]
[0. 0. 0. ... 0. 0. 0.]
[ 0.       0.       0.      ... 20.72341  0.       0.     ]
[0. 0. 0. ... 0. 0. 0.]
[0. 0. 0. ... 0. 0. 0.]
[0.        0.        0.        ... 0.        3.1167088 0.       ]
[ 0.         0.         0.        ...  2.8379338 25.793015   3.1080143]
[0. 0. 0. ... 0. 0. 0.]
[0.        0.        0.        ... 0.        1.9589012 0.       ]
[0. 0. 0. ... 0. 0. 0.]
[22.352488  0.        0.       ...  0.        0.        0.      ]
[0. 0. 0. ... 0. 0. 0.]
[0. 0. 0. ... 0. 0. 0.]
[ 0.         0.         0.        ...  0.        25.671875   7.4131656]
[0. 0. 0. ... 0. 0. 0.]
[0.        0.        0.        ... 0.        7.1215835 0.       ]
[0. 0. 0. ... 0. 0. 0.]
[0. 0. 0. ... 0. 0. 0.]
[0. 0. 0. ... 0. 0. 0.]
[0. 0. 0. ... 0. 0. 0.]
[0.        0.        0.        ... 0.        0.        1.2493268]
[0. 0. 0. ... 0. 0. 0.]
[ 0.        0.       15.468172 ...  0.        0.        0.      ]
[0. 0. 0. ... 0. 0. 0.]
[ 0.        0.        0.       ...  0.       10.927317  0.      ]
[0. 0. 0. ... 0. 0. 0.]
[ 0.        0.        0.       ...  0.       20.675684  0.      ]
[ 0.        0.        0.       ... 21.555693  9.651285  0.      ]
[0.         0.         0.         ... 0.89369076 0.         1.435346  ]
[0.       0.       0.       ... 0.       1.423466 0.      ]
[0.       0.       9.910342 ... 0.       0.       0.      ]
[ 0.        0.        0.       ...  0.       11.451174  0.      ]
[0.        0.        0.        ... 0.        0.        5.7252574]
[ 7.2485275  0.         0.        ...  0.        16.14488    0.       ]
[0. 0. 0. ... 0. 0. 0.]
[0. 0. 0. ... 0. 0. 0.]
[ 0.         0.         0.        ...  0.        15.6799965 75.95927  ]
[0.        0.        0.        ... 0.        0.6097078 0.       ]
[0. 0. 0. ... 0. 0. 0.]
[7.7543764 0.        0.        ... 0.        0.        0.       ]
[ 0.        0.        0.       ...  0.       19.943708  0.      ]
[0.        0.        0.        ... 3.9953763 0.        0.       ]
[0. 0. 0. ... 0. 0. 0.]
[0. 0. 0. ... 0. 0. 0.]
[0. 0. 0. ... 0. 0. 0.]
[0.         0.         0.         ... 3.6457238  0.         0.01504532]
[0. 0. 0. ... 0. 0. 0.]
[ 0.         0.         0.        ...  0.         1.0264976 56.81468  ]
[0. 0. 0. ... 0. 0. 0.]
[ 0.       0.       0.      ...  0.      30.38599  0.     ]
[0. 0. 0. ... 0. 0. 0.]
[0. 0. 0. ... 0. 0. 0.]
[0.        6.8733106 0.        ... 0.        0.        0.       ]
[ 0.        0.        0.       ... 12.596059 14.818222  0.      ]
[0. 0. 0. ... 0. 0. 0.]
[0. 0. 0. ... 0. 0. 0.]
[0. 0. 0. ... 0. 0. 0.]
[0.        0.        0.        ... 0.        0.        4.9071784]
[0. 0. 0. ... 0. 0. 0.]
[0. 0. 0. ... 0. 0. 0.]
[0.        0.        0.        ... 0.        6.9847226 0.       ]
[0. 0. 0. ... 0. 0. 0.]
[0. 0. 0. ... 0. 0. 0.]
[0. 0. 0. ... 0. 0. 0.]
[0.       0.       0.       ... 0.       8.044957 5.537417]
[0.        0.        0.        ... 7.9311633 0.        0.       ]
[0. 0. 0. ... 0. 0. 0.]
[0. 0. 0. ... 0. 0. 0.]
[ 0.        0.        0.       ... 13.481426 10.196659 16.921322]
[0. 0. 0. ... 0. 0. 0.]
[0. 0. 0. ... 0. 0. 0.]
[0. 0. 0. ... 0. 0. 0.]
[0. 0. 0. ... 0. 0. 0.]
[ 0.        0.        0.       ... 33.42217   0.       36.799313]
[ 0.        0.        0.       ...  0.       21.081009  0.      ]
[ 0.       0.       0.      ...  0.      37.31772  0.     ]
[ 0.        0.        0.       ... 27.908218  0.        8.412822]
[ 0.         0.         0.        ...  2.8756135  7.4223213 25.51131  ]
[ 0.        0.        0.       ...  0.       19.830173  0.      ]
[0. 0. 0. ... 0. 0. 0.]
[ 0.        0.        0.       ...  0.       25.231348  0.      ]
[ 1.8843812  0.         0.        ...  0.         0.4332778 10.332922 ]
[0.       0.       0.       ... 0.       9.310129 8.596672]
[0. 0. 0. ... 0. 0. 0.]
[ 0.        0.        0.       ...  0.       29.430058 28.256607]
[ 0.         0.         0.        ...  8.607786   4.7756085 12.408186 ]
[0. 0. 0. ... 0. 0. 0.]
[0. 0. 0. ... 0. 0. 0.]
[0.      0.      0.      ... 0.      8.40763 0.     ]
[0.        0.        0.        ... 5.4086146 0.        0.       ]
[0. 0. 0. ... 0. 0. 0.]
[0. 0. 0. ... 0. 0. 0.]
[ 0.        0.        0.       ...  0.       10.338825 83.736824]
[0.       0.       9.559048 ... 0.       0.       0.      ]
[0. 0. 0. ... 0. 0. 0.]
[0. 0. 0. ... 0. 0. 0.]
[0. 0. 0. ... 0. 0. 0.]
[ 0.        0.        0.       ...  0.        0.       15.099857]
[ 5.689414   10.152227    0.         ...  3.757426    0.36328787
  0.        ]
[0.        0.        0.        ... 0.        4.7728934 0.       ]
[0.         0.         0.         ... 3.757426   0.36328787 0.        ]
[0. 0. 0. ... 0. 0. 0.]
[0.        0.        0.        ... 0.        1.6826818 0.       ]
[ 0.        0.        0.       ...  0.       57.574253  0.      ]
[0. 0. 0. ... 0. 0. 0.]
[0. 0. 0. ... 0. 0. 0.]
[0. 0. 0. ... 0. 0. 0.]
[0. 0. 0. ... 0. 0. 0.]
[0. 0. 0. ... 0. 0. 0.]
[ 0.        0.        0.       ...  0.       10.203894  0.      ]
[ 0.        0.        8.977655 ...  0.       33.87093   0.      ]
[0. 0. 0. ... 0. 0. 0.]
[0.       0.       0.       ... 0.       9.204019 0.      ]
[0. 0. 0. ... 0. 0. 0.]
[0. 0. 0. ... 0. 0. 0.]
[0.        0.        0.        ... 0.        2.5604324 0.       ]
[0. 0. 0. ... 0. 0. 0.]
[0. 0. 0. ... 0. 0. 0.]
[0. 0. 0. ... 0. 0. 0.]
[0. 0. 0. ... 0. 0. 0.]
[0. 0. 0. ... 0. 0. 0.]
[0. 0. 0. ... 0. 0. 0.]
[0. 0. 0. ... 0. 0. 0.]
[0. 0. 0. ... 0. 0. 0.]
[0.        0.        0.        ... 0.        0.        2.2166092]
[ 0.         0.         0.        ... 29.33284    3.7034872  0.       ]
[0. 0. 0. ... 0. 0. 0.]
[ 0.        0.        0.       ... 62.657383  0.        0.      ]
[0. 0. 0. ... 0. 0. 0.]
[ 0.        0.        0.       ...  0.        0.       18.869862]
[0. 0. 0. ... 0. 0. 0.]
[0. 0. 0. ... 0. 0. 0.]
[0. 0. 0. ... 0. 0. 0.]
[0. 0. 0. ... 0. 0. 0.]
[0. 0. 0. ... 0. 0. 0.]
[ 0.        0.        0.       ...  0.       11.955828  8.769742]
[0. 0. 0. ... 0. 0. 0.]
[36.13496    0.         0.        ...  0.         3.9259744  0.       ]
[0. 0. 0. ... 0. 0. 0.]
[0. 0. 0. ... 0. 0. 0.]
[0.        0.        0.        ... 0.        2.5500007 0.       ]
[0.        0.        0.        ... 0.        3.1872675 0.       ]
[0. 0. 0. ... 0. 0. 0.]
[ 0.        0.        0.       ...  0.        0.       25.761753]
[0. 0. 0. ... 0. 0. 0.]
[0.       0.       0.       ... 0.       1.883786 0.      ]
[0.      0.      0.      ... 0.      7.83682 0.     ]
[0. 0. 0. ... 0. 0. 0.]
[0. 0. 0. ... 0. 0. 0.]
[0. 0. 0. ... 0. 0. 0.]
[0.       0.       0.       ... 0.       5.321997 0.      ]
[0.        0.        0.        ... 6.4019437 0.        0.       ]
[0. 0. 0. ... 0. 0. 0.]
[ 0.       0.       0.      ...  0.      23.62876  0.     ]
[0. 0. 0. ... 0. 0. 0.]
[0.        0.        0.        ... 4.5406365 4.0430655 0.       ]
[ 0.        0.        0.       ...  0.        0.       24.261806]
[ 0.      0.      0.     ...  0.     34.1905  0.    ]
[0. 0. 0. ... 0. 0. 0.]
[0.        0.        0.        ... 0.2563564 0.        0.       ]
[ 0.         0.         0.        ...  0.        16.922955   5.8448505]
[0.       0.       0.       ... 0.       6.561203 0.      ]
[0.        0.        0.        ... 0.        3.2200773 0.       ]
[0.        0.        0.        ... 0.        0.        3.9948041]
[0.        0.        0.        ... 0.        0.9037129 7.2019496]
[ 0.        0.        0.       ...  0.       26.284714  0.      ]
[0.        0.        0.        ... 0.        0.        1.9008733]
[0.        0.        0.        ... 0.        0.        3.0103285]
[ 0.        0.        0.       ...  0.       24.152061  0.      ]
[0. 0. 0. ... 0. 0. 0.]
[ 0.        0.        0.       ...  0.        8.116314 36.6881  ]
[0.        0.        0.        ... 0.        4.0877876 0.       ]
[0.      0.      0.      ... 0.      0.      0.88658]
[ 0.        0.        0.       ...  0.       22.808495 14.368278]
[ 0.        0.        0.       ... 34.37888  20.356167  0.      ]
[0.        0.        0.        ... 0.        6.6593013 0.       ]
[0. 0. 0. ... 0. 0. 0.]
[0.       0.       0.       ... 0.       6.773885 0.      ]
[0. 0. 0. ... 0. 0. 0.]
[0. 0. 0. ... 0. 0. 0.]
[0.       0.       0.       ... 0.       9.523367 0.      ]
[ 0.       0.       0.      ...  0.       0.      17.48361]
[0.        0.        0.        ... 2.5976622 0.        0.       ]
[8.637498 0.       0.       ... 0.       0.       0.      ]
[0. 0. 0. ... 0. 0. 0.]
[0. 0. 0. ... 0. 0. 0.]
[0. 0. 0. ... 0. 0. 0.]
[0. 0. 0. ... 0. 0. 0.]
[ 0.       0.       0.      ... 86.14121  0.       0.     ]
[0. 0. 0. ... 0. 0. 0.]
[0. 0. 0. ... 0. 0. 0.]
[ 0.        0.        0.       ...  0.       13.169005  0.      ]
[0. 0. 0. ... 0. 0. 0.]
[0. 0. 0. ... 0. 0. 0.]
[ 0.        0.        0.       ...  0.       20.489588  0.      ]
[0. 0. 0. ... 0. 0. 0.]
[0.       0.       0.       ... 0.       5.388725 0.      ]
[0.         0.         0.         ... 0.         7.305023   0.20883527]
[0. 0. 0. ... 0. 0. 0.]
[0. 0. 0. ... 0. 0. 0.]
[0. 0. 0. ... 0. 0. 0.]
[2.748068 0.       0.       ... 0.       0.       0.      ]
[ 0.        0.        0.       ... 26.568638  0.        0.      ]
[ 0.        0.        0.       ...  0.       12.515729  0.      ]
[0. 0. 0. ... 0. 0. 0.]
[0.       0.       0.       ... 0.       5.531764 5.835966]
[0. 0. 0. ... 0. 0. 0.]
[ 0.        0.        0.       ...  0.       10.973671  0.      ]
[0. 0. 0. ... 0. 0. 0.]
[0.        0.        0.        ... 0.        4.1324725 0.       ]
[ 0.        0.        0.       ...  0.        0.       12.470118]
[0. 0. 0. ... 0. 0. 0.]
[0. 0. 0. ... 0. 0. 0.]
[0. 0. 0. ... 0. 0. 0.]
[0.         0.         0.         ... 5.3476214  0.50448436 0.        ]
[0. 0. 0. ... 0. 0. 0.]
[0. 0. 0. ... 0. 0. 0.]
[0. 0. 0. ... 0. 0. 0.]
[ 0.       0.       0.      ...  0.       0.      20.25224]
[0. 0. 0. ... 0. 0. 0.]
[0.         0.         0.         ... 0.         0.50717705 0.        ]
[ 0.        0.        0.       ...  0.       17.827578  0.      ]
[0. 0. 0. ... 0. 0. 0.]
[0. 0. 0. ... 0. 0. 0.]
[0. 0. 0. ... 0. 0. 0.]
[0.       0.       0.       ... 0.       0.952275 0.      ]
[ 0.9902508  0.         0.        ...  0.         1.0084279 11.418468 ]
[0. 0. 0. ... 0. 0. 0.]
[0. 0. 0. ... 0. 0. 0.]
[0. 0. 0. ... 0. 0. 0.]
[0. 0. 0. ... 0. 0. 0.]
[0. 0. 0. ... 0. 0. 0.]
[0. 0. 0. ... 0. 0. 0.]
[0. 0. 0. ... 0. 0. 0.]
[ 0.        0.        0.       ...  0.       16.78535  12.182231]
[ 0.          0.          0.         ...  0.         45.41658
  0.77508414]
[0. 0. 0. ... 0. 0. 0.]
[0. 0. 0. ... 0. 0. 0.]
[0. 0. 0. ... 0. 0. 0.]
[0.        0.        0.        ... 0.        0.        3.6949744]
[0.       0.       0.       ... 0.       9.362675 0.      ]
[ 0.         0.         0.        ... 66.738495  15.041279   7.7361565]
[ 0.        0.        0.       ...  0.        3.209812 30.298246]
[ 0.         0.         0.        ... 21.919617   0.         1.7796184]
[0.        0.        0.        ... 1.3589245 0.        0.       ]
[0.         0.         0.         ... 0.         0.         0.70877934]
[ 0.        0.        0.       ...  0.       12.652711  0.      ]
[0.        0.        0.        ... 0.        1.5587912 0.       ]
[0. 0. 0. ... 0. 0. 0.]
[0. 0. 0. ... 0. 0. 0.]
[0. 0. 0. ... 0. 0. 0.]
[0.        0.        0.        ... 0.        0.        2.9027817]
[ 0.        0.        0.       ...  0.       13.035483  0.      ]
[0.        0.        0.        ... 0.        0.        5.9677706]
[0. 0. 0. ... 0. 0. 0.]
[0. 0. 0. ... 0. 0. 0.]
[0.       0.       0.       ... 0.       0.       4.934289]
[ 0.         0.         0.        ... 22.503315   1.0890481 43.529346 ]
[0. 0. 0. ... 0. 0. 0.]
[ 0.        0.        0.       ...  0.       26.474943  0.      ]
[ 0.       0.       0.      ...  0.      24.20477  0.     ]
[ 0.        0.        0.       ...  0.       11.315672  0.      ]
[ 0.         0.         0.        ...  0.         4.3918138 84.66887  ]
[0. 0. 0. ... 0. 0. 0.]
[0. 0. 0. ... 0. 0. 0.]
[0. 0. 0. ... 0. 0. 0.]
[0. 0. 0. ... 0. 0. 0.]
[0.         0.         0.         ... 0.         0.61568135 0.        ]
[0. 0. 0. ... 0. 0. 0.]
[0.        0.        0.        ... 0.        4.2978683 0.       ]
[0. 0. 0. ... 0. 0. 0.]
[ 0.        0.        0.       ... 18.575132  0.        0.      ]
[0. 0. 0. ... 0. 0. 0.]
[0.        0.        0.        ... 0.        3.7794688 0.       ]
[ 0.        0.        0.       ... 13.481426 10.196659 16.921322]
[0. 0. 0. ... 0. 0. 0.]
[0.        0.        0.        ... 1.7576767 8.691995  0.       ]
[0.        0.        0.        ... 4.3922615 0.        0.       ]
[ 0.        0.        0.       ...  0.        0.       17.782072]
[0. 0. 0. ... 0. 0. 0.]
[ 0.         0.         0.        ...  0.        63.98444    1.9701549]
[0. 0. 0. ... 0. 0. 0.]
[0. 0. 0. ... 0. 0. 0.]
[0. 0. 0. ... 0. 0. 0.]
[0. 0. 0. ... 0. 0. 0.]
[0. 0. 0. ... 0. 0. 0.]
[0.       0.       0.       ... 0.       4.798146 0.      ]
[0.       0.       0.       ... 6.100393 0.       0.      ]
[0. 0. 0. ... 0. 0. 0.]
[ 0.        71.67841    0.        ...  0.         8.668866   1.6285166]
[0. 0. 0. ... 0. 0. 0.]
[0. 0. 0. ... 0. 0. 0.]
[ 0.          0.          0.         ...  0.          0.28654402
 36.394936  ]
[0. 0. 0. ... 0. 0. 0.]
[0. 0. 0. ... 0. 0. 0.]
[0. 0. 0. ... 0. 0. 0.]
[0. 0. 0. ... 0. 0. 0.]
[ 0.        0.        0.       ...  0.        0.       22.957512]
[0. 0. 0. ... 0. 0. 0.]
[ 0.         0.         0.        ...  0.         8.6284075 11.09405  ]
[0. 0. 0. ... 0. 0. 0.]
[0. 0. 0. ... 0. 0. 0.]
[0. 0. 0. ... 0. 0. 0.]
[ 0.        0.        0.       ...  0.        0.       12.704018]
[ 0.        0.        0.       ...  0.        0.       16.082075]
[0. 0. 0. ... 0. 0. 0.]
[ 0.         0.         0.        ... 18.593813   2.7515886  0.       ]
[0. 0. 0. ... 0. 0. 0.]
[0.       0.       0.       ... 0.       5.277291 9.279765]
[ 0.        0.        0.       ...  0.       26.209421  0.      ]
[0. 0. 0. ... 0. 0. 0.]
[ 0.        0.        0.       ...  0.       14.914249  8.692595]
[ 0.         0.         0.        ... 13.8396225  0.        63.845512 ]
[0. 0. 0. ... 0. 0. 0.]
[ 0.       0.       0.      ...  0.      16.37291  0.     ]
[0. 0. 0. ... 0. 0. 0.]
[0. 0. 0. ... 0. 0. 0.]
[0. 0. 0. ... 0. 0. 0.]
[0. 0. 0. ... 0. 0. 0.]
[0.        0.        0.        ... 0.        5.1261187 0.       ]
[ 0.        0.        0.       ... 14.387456  0.       60.529316]
[0. 0. 0. ... 0. 0. 0.]
[0. 0. 0. ... 0. 0. 0.]
[ 0.        0.        0.       ...  0.       33.319656  0.      ]
[0.       0.       0.       ... 0.       7.552227 0.      ]
[0. 0. 0. ... 0. 0. 0.]
[0. 0. 0. ... 0. 0. 0.]
[0. 0. 0. ... 0. 0. 0.]
[0. 0. 0. ... 0. 0. 0.]
[0.       0.       0.       ... 0.       9.672966 0.      ]
[0. 0. 0. ... 0. 0. 0.]
[ 0.        0.        0.       ...  0.       46.849724  0.      ]
[0. 0. 0. ... 0. 0. 0.]
[ 0.        0.        0.       ... 28.35822  10.660613  0.      ]
[0.        0.        0.        ... 0.        0.        5.7252574]
[ 0.        0.        0.       ...  0.       17.895405  0.      ]
[ 0.        0.        0.       ...  0.       10.555314  0.      ]
[0. 0. 0. ... 0. 0. 0.]
[0. 0. 0. ... 0. 0. 0.]
[0.        0.        0.        ... 0.        7.0239463 0.       ]
[0.      0.      0.      ... 5.33934 0.      0.     ]
[ 0.        0.        0.       ...  0.       11.665046  0.      ]
[0.       0.       0.       ... 0.       6.604495 0.      ]
[0. 0. 0. ... 0. 0. 0.]
[0. 0. 0. ... 0. 0. 0.]
[0. 0. 0. ... 0. 0. 0.]
[0.       0.       0.       ... 0.       0.       5.656998]
[0.       0.       0.       ... 0.       4.058867 0.      ]
[0. 0. 0. ... 0. 0. 0.]
[0.         0.         0.         ... 0.         0.14616841 0.        ]
[0.        0.        0.        ... 0.        7.7583346 0.       ]
[0. 0. 0. ... 0. 0. 0.]
[ 0.         0.         0.        ...  0.         2.6648498 12.454994 ]
[ 0.        0.        0.       ...  0.       34.190895  0.      ]
[0. 0. 0. ... 0. 0. 0.]
[0. 0. 0. ... 0. 0. 0.]
[0. 0. 0. ... 0. 0. 0.]
[0. 0. 0. ... 0. 0. 0.]
[0. 0. 0. ... 0. 0. 0.]
[0. 0. 0. ... 0. 0. 0.]
[0. 0. 0. ... 0. 0. 0.]
[0.       0.       0.       ... 0.       0.       9.294969]
[0. 0. 0. ... 0. 0. 0.]
[0.        0.        0.        ... 0.        4.5037193 0.       ]
[0. 0. 0. ... 0. 0. 0.]
[0. 0. 0. ... 0. 0. 0.]
[0. 0. 0. ... 0. 0. 0.]
[0. 0. 0. ... 0. 0. 0.]
[0.       0.       0.       ... 0.       4.077048 0.      ]
[0. 0. 0. ... 0. 0. 0.]
[ 0.        0.        0.       ...  0.       19.768553  0.      ]
[0.       0.       0.       ... 0.       0.       3.059106]
[0. 0. 0. ... 0. 0. 0.]
[ 0.        0.        0.       ...  0.       10.779306  0.      ]
[0. 0. 0. ... 0. 0. 0.]
[0. 0. 0. ... 0. 0. 0.]
[0. 0. 0. ... 0. 0. 0.]
[ 0.        0.        0.       ...  0.       17.834223 16.72081 ]
[0.       0.       0.       ... 0.       9.847977 0.      ]
[0. 0. 0. ... 0. 0. 0.]
[0.        0.        0.        ... 0.        0.1290862 0.       ]
[0. 0. 0. ... 0. 0. 0.]
[0.        0.        0.        ... 0.        2.4578207 0.       ]
[0. 0. 0. ... 0. 0. 0.]
[ 0.       0.       0.      ...  0.       0.      34.37694]
[0. 0. 0. ... 0. 0. 0.]
[0. 0. 0. ... 0. 0. 0.]
[0. 0. 0. ... 0. 0. 0.]
[ 0.        0.        0.       ...  0.        0.       18.215763]
[ 0.         0.         0.        ...  0.        15.7999935 65.38518  ]
[0. 0. 0. ... 0. 0. 0.]
[ 0.        0.        0.       ...  0.       20.699188  0.      ]
[ 0.        0.        0.       ...  0.       15.875492  0.      ]
[84.29215   0.        0.       ...  0.        0.       18.554008]
[ 0.        0.        0.       ...  0.       16.757042  0.      ]
[0.       0.       0.       ... 0.       8.328017 0.      ]
[0. 0. 0. ... 0. 0. 0.]
[0.        0.        0.        ... 0.        3.7532704 0.       ]
[ 0.         0.         3.2268724 ...  0.        10.34333    0.       ]
[0. 0. 0. ... 0. 0. 0.]
[0.        0.        0.        ... 0.        1.5223179 0.       ]
[ 6.8241634  0.         0.        ...  0.        17.921272   0.       ]
[0. 0. 0. ... 0. 0. 0.]
[0. 0. 0. ... 0. 0. 0.]
[0. 0. 0. ... 0. 0. 0.]
[0. 0. 0. ... 0. 0. 0.]
[ 0.        0.        0.       ...  0.       21.672153  0.      ]
[0. 0. 0. ... 0. 0. 0.]
[0. 0. 0. ... 0. 0. 0.]
[0. 0. 0. ... 0. 0. 0.]
[ 0.        0.        0.       ...  0.       11.523642  0.      ]
[ 0.        0.        0.       ...  0.       28.894163  0.      ]
[0.       0.       0.       ... 0.       9.354026 0.      ]
[0. 0. 0. ... 0. 0. 0.]
[0. 0. 0. ... 0. 0. 0.]
[0.       0.       0.       ... 0.       5.038757 0.      ]
[ 0.        0.        0.       ...  0.       37.381355  0.      ]
[0. 0. 0. ... 0. 0. 0.]
[6.554308 0.       0.       ... 0.       0.       0.      ]
[0. 0. 0. ... 0. 0. 0.]
[0. 0. 0. ... 0. 0. 0.]
[0.       0.       0.       ... 0.       0.       2.774432]
[0.         0.         0.         ... 0.         0.45359033 0.        ]
[0. 0. 0. ... 0. 0. 0.]
[0.       0.       0.       ... 0.       4.373069 0.      ]
[0. 0. 0. ... 0. 0. 0.]
[0. 0. 0. ... 0. 0. 0.]
[0. 0. 0. ... 0. 0. 0.]
[0. 0. 0. ... 0. 0. 0.]
[0. 0. 0. ... 0. 0. 0.]
[0. 0. 0. ... 0. 0. 0.]
[0.        0.        0.        ... 0.        5.4228597 0.       ]
[0. 0. 0. ... 0. 0. 0.]
[0. 0. 0. ... 0. 0. 0.]
[ 0.        0.        0.       ...  0.       22.448895  0.      ]
[0. 0. 0. ... 0. 0. 0.]
[0. 0. 0. ... 0. 0. 0.]
[0. 0. 0. ... 0. 0. 0.]
[0. 0. 0. ... 0. 0. 0.]
[ 0.       0.       0.      ...  0.       0.      41.30321]
[0. 0. 0. ... 0. 0. 0.]
[19.415297   0.         0.        ...  0.         2.1566184  0.       ]
[0. 0. 0. ... 0. 0. 0.]
[ 0.       0.       0.      ...  0.      13.48948  0.     ]
[0. 0. 0. ... 0. 0. 0.]
[0. 0. 0. ... 0. 0. 0.]
[0. 0. 0. ... 0. 0. 0.]
[0.        0.        0.        ... 0.        7.4975877 0.       ]
[0. 0. 0. ... 0. 0. 0.]
[0. 0. 0. ... 0. 0. 0.]
[0.       0.       0.       ... 0.       9.928357 0.      ]
[0. 0. 0. ... 0. 0. 0.]
[0. 0. 0. ... 0. 0. 0.]
[ 0.        0.        0.       ...  0.       14.453464  0.      ]
[0.        0.        0.        ... 0.        6.6789646 0.       ]
[0.       0.       0.       ... 0.       0.       7.821437]
[0. 0. 0. ... 0. 0. 0.]
[ 0.          0.          0.         ...  0.62448376 63.785492
  0.        ]
[0. 0. 0. ... 0. 0. 0.]
[0. 0. 0. ... 0. 0. 0.]
[0. 0. 0. ... 0. 0. 0.]
[0. 0. 0. ... 0. 0. 0.]
[0. 0. 0. ... 0. 0. 0.]
[ 0.        0.        0.       ... 11.804104  7.058783  0.      ]
[0.       0.       0.       ... 0.       4.810908 0.      ]
[0.        0.        0.        ... 0.        5.2850623 0.       ]
[0.        0.        0.        ... 0.        0.        4.3073606]
[0. 0. 0. ... 0. 0. 0.]
[0.        0.        0.        ... 0.        3.0555995 0.       ]
[0. 0. 0. ... 0. 0. 0.]
[0. 0. 0. ... 0. 0. 0.]
[0.       0.       0.       ... 7.353354 1.036197 0.      ]
[0.       0.       0.       ... 0.       5.783623 0.      ]
[0.       0.       0.       ... 0.       3.825847 0.      ]
[0. 0. 0. ... 0. 0. 0.]
[0. 0. 0. ... 0. 0. 0.]
[44.852455  0.        0.       ...  0.       26.206558  0.      ]
[0. 0. 0. ... 0. 0. 0.]
[0. 0. 0. ... 0. 0. 0.]
[0. 0. 0. ... 0. 0. 0.]
[0.       0.       0.       ... 0.       0.       2.160412]
[0. 0. 0. ... 0. 0. 0.]
[0. 0. 0. ... 0. 0. 0.]
[0.        0.        0.        ... 0.        4.4747415 0.       ]
[0. 0. 0. ... 0. 0. 0.]
[0. 0. 0. ... 0. 0. 0.]
[0. 0. 0. ... 0. 0. 0.]
[0. 0. 0. ... 0. 0. 0.]
[20.522118  0.        0.       ...  0.        0.        0.      ]
[ 0.        0.        0.       ...  0.       26.788778  0.      ]
[0. 0. 0. ... 0. 0. 0.]
[0. 0. 0. ... 0. 0. 0.]
[ 0.        0.        0.       ...  0.        0.       12.199636]
[0.        0.        0.        ... 0.        4.3776555 2.8078516]
[0.       0.       0.       ... 0.       0.       4.937474]
[ 0.        0.        0.       ...  0.        6.993675 18.225922]
[15.615615  0.        0.       ...  0.        0.        0.      ]
[0.        0.        0.        ... 0.        0.        3.4386086]
[ 0.       0.       0.      ...  0.      25.50179  0.     ]
[0. 0. 0. ... 0. 0. 0.]
[0. 0. 0. ... 0. 0. 0.]
[0. 0. 0. ... 0. 0. 0.]
[0. 0. 0. ... 0. 0. 0.]
[0. 0. 0. ... 0. 0. 0.]
[0. 0. 0. ... 0. 0. 0.]
[0. 0. 0. ... 0. 0. 0.]
[0. 0. 0. ... 0. 0. 0.]
[0.        0.        0.        ... 0.        4.9732037 0.       ]
[0. 0. 0. ... 0. 0. 0.]
[0.        0.        0.        ... 0.        0.        1.2464639]
[0. 0. 0. ... 0. 0. 0.]
[0. 0. 0. ... 0. 0. 0.]
[0.       0.       0.       ... 0.       5.932134 0.      ]
[ 0.         0.         0.        ...  1.4657713 10.247868   0.       ]
[ 0.        0.        0.       ...  0.       50.919697  0.      ]
[0. 0. 0. ... 0. 0. 0.]
[0. 0. 0. ... 0. 0. 0.]
[0. 0. 0. ... 0. 0. 0.]
[0. 0. 0. ... 0. 0. 0.]
[0. 0. 0. ... 0. 0. 0.]
[ 0.        0.        0.       ...  0.       20.948399  0.      ]
[0. 0. 0. ... 0. 0. 0.]
[0. 0. 0. ... 0. 0. 0.]
[ 0.        0.        0.       ...  0.       19.693735  0.      ]
[0. 0. 0. ... 0. 0. 0.]
[0. 0. 0. ... 0. 0. 0.]
[0. 0. 0. ... 0. 0. 0.]
[0. 0. 0. ... 0. 0. 0.]
[0. 0. 0. ... 0. 0. 0.]
[0.        0.        0.        ... 0.        5.3902926 0.       ]
[0. 0. 0. ... 0. 0. 0.]
[0. 0. 0. ... 0. 0. 0.]
[ 0.       0.       0.      ...  0.      16.69886  0.     ]
[0. 0. 0. ... 0. 0. 0.]
[0. 0. 0. ... 0. 0. 0.]
[0.        0.        0.        ... 0.        2.6279771 0.       ]
[ 0.        0.        0.       ...  0.        4.476315 18.266953]
[ 0.        0.        0.       ...  0.       21.340694 12.260481]
[0.       0.       0.       ... 0.       6.649092 0.      ]
[ 0.        0.       26.000223 ...  0.        0.        7.428069]
[0. 0. 0. ... 0. 0. 0.]
[0.        0.        0.        ... 0.        0.        0.9227129]
[0. 0. 0. ... 0. 0. 0.]
[0.        0.        0.        ... 0.        0.7642792 0.       ]
[ 0.        0.        0.       ...  0.       16.811455  0.      ]
[0. 0. 0. ... 0. 0. 0.]
[1.3525572 0.        0.        ... 0.        4.4113054 0.       ]
[0. 0. 0. ... 0. 0. 0.]
[0. 0. 0. ... 0. 0. 0.]
[0. 0. 0. ... 0. 0. 0.]
[0. 0. 0. ... 0. 0. 0.]
[0. 0. 0. ... 0. 0. 0.]
[ 0.        0.        0.       ...  0.       12.369126  0.      ]
[ 0.         0.         0.        ...  0.        10.229955   3.6054175]
[0. 0. 0. ... 0. 0. 0.]
[0. 0. 0. ... 0. 0. 0.]
[0.        0.        0.        ... 0.        6.3762136 0.       ]
[0. 0. 0. ... 0. 0. 0.]
[0. 0. 0. ... 0. 0. 0.]
[29.928656  0.        0.       ...  0.        5.721114  0.      ]
[10.644052 14.708479  0.       ...  0.        0.        0.      ]
[ 0.        0.        0.       ...  0.        0.       31.724848]
[0.       0.       0.       ... 0.       5.476013 0.      ]
[0. 0. 0. ... 0. 0. 0.]
[0. 0. 0. ... 0. 0. 0.]
[0.       0.       0.       ... 5.796695 0.       0.      ]
[ 0.         0.         0.        ...  0.         1.6614568 13.3849535]
[0.       0.       0.       ... 0.       8.622655 0.      ]
[0.        6.0222497 0.        ... 0.        0.        0.       ]
[0.       0.       0.       ... 0.       7.027124 0.      ]
[ 0.        0.        0.       ...  0.       16.309052  0.      ]
[ 0.        0.        0.       ...  0.       15.043438  0.      ]
[0.      0.      0.      ... 0.      0.      6.79016]
[ 0.         1.4687061 22.50823   ...  0.         3.719641   0.       ]
[0. 0. 0. ... 0. 0. 0.]
[0.       0.       0.       ... 0.       5.618242 0.      ]
[0. 0. 0. ... 0. 0. 0.]
[0.       0.       0.       ... 0.       9.793104 0.      ]
[0. 0. 0. ... 0. 0. 0.]
[0. 0. 0. ... 0. 0. 0.]
[0. 0. 0. ... 0. 0. 0.]
[0.        0.        0.        ... 3.8591986 0.        0.       ]
[ 0.        0.        0.       ...  0.       28.636692  0.      ]
[0. 0. 0. ... 0. 0. 0.]
[0. 0. 0. ... 0. 0. 0.]
[ 0.        0.        0.       ... 11.795482  0.        0.      ]
[ 0.        0.        0.       ...  0.       10.900247  0.      ]
[0. 0. 0. ... 0. 0. 0.]
[ 0.         0.         0.        ...  0.         6.0305333 11.897813 ]
[0. 0. 0. ... 0. 0. 0.]
[ 0.       0.       0.      ... 11.64607  0.       0.     ]
[55.774536  0.        0.       ...  0.        5.281465  0.      ]
[0. 0. 0. ... 0. 0. 0.]
[ 0.      69.26227  0.      ...  0.       0.       0.     ]
[0. 0. 0. ... 0. 0. 0.]
[0. 0. 0. ... 0. 0. 0.]
[0. 0. 0. ... 0. 0. 0.]
[0.        0.        0.        ... 0.        0.        1.3096994]
[0.        0.        0.        ... 0.        3.6737936 0.       ]
[0. 0. 0. ... 0. 0. 0.]
[ 0.         0.         0.        ...  2.6937006  0.        45.447647 ]
[0. 0. 0. ... 0. 0. 0.]
[0. 0. 0. ... 0. 0. 0.]
[0.       0.       0.       ... 0.       8.037929 0.      ]
[0. 0. 0. ... 0. 0. 0.]
[0. 0. 0. ... 0. 0. 0.]
[0. 0. 0. ... 0. 0. 0.]
[0. 0. 0. ... 0. 0. 0.]
[0.        0.        0.        ... 0.        4.9321094 0.       ]
[0. 0. 0. ... 0. 0. 0.]
[0.        0.        0.        ... 0.        4.2230353 0.       ]
[0.         0.         0.         ... 0.54689807 0.         0.        ]
[ 0.        0.        0.       ...  0.       55.492363  0.      ]
[0. 0. 0. ... 0. 0. 0.]
[ 0.         0.         0.        ...  0.        10.100194   3.3915343]
[0. 0. 0. ... 0. 0. 0.]
[0. 0. 0. ... 0. 0. 0.]
[0. 0. 0. ... 0. 0. 0.]
[0. 0. 0. ... 0. 0. 0.]
[0. 0. 0. ... 0. 0. 0.]
[ 0.       0.       0.      ...  0.       0.      16.03601]
[0. 0. 0. ... 0. 0. 0.]
[0.        0.        0.        ... 0.        3.2449653 9.343159 ]
[0. 0. 0. ... 0. 0. 0.]
[ 0.        0.        0.       ...  0.       24.267094  0.      ]
[0. 0. 0. ... 0. 0. 0.]
[0. 0. 0. ... 0. 0. 0.]
[0. 0. 0. ... 0. 0. 0.]
[0. 0. 0. ... 0. 0. 0.]
[ 0.         0.         6.4394245 ...  0.         0.        11.181509 ]
[0. 0. 0. ... 0. 0. 0.]
[ 0.       0.       0.      ...  0.       0.      40.02114]
[0. 0. 0. ... 0. 0. 0.]
[0.        0.        0.        ... 0.        3.2634265 0.       ]
[0.       0.       0.       ... 0.       2.874912 0.      ]
[0.       9.274142 0.       ... 0.       0.       0.      ]
[0. 0. 0. ... 0. 0. 0.]
[0. 0. 0. ... 0. 0. 0.]
[ 0.        0.        0.       ...  0.       25.171005  0.      ]
[0. 0. 0. ... 0. 0. 0.]
[0. 0. 0. ... 0. 0. 0.]
[0. 0. 0. ... 0. 0. 0.]
[ 0.        0.        0.       ...  0.       10.672666  0.      ]
[0. 0. 0. ... 0. 0. 0.]
[0.        0.        0.        ... 0.        0.        5.8773985]
[ 0.        0.       14.362455 ...  0.        7.244535  0.      ]
[ 0.         0.         0.        ...  0.        11.7623825  0.8779346]
[ 0.        0.        0.       ...  0.       25.037811  9.889731]
[ 0.        0.        0.       ...  0.       36.376644  0.      ]
[0. 0. 0. ... 0. 0. 0.]
[ 0.        0.        0.       ...  0.        8.889717 11.761645]
[0. 0. 0. ... 0. 0. 0.]
[ 0.       0.       0.      ...  0.       0.      49.48811]
[0.        0.        0.        ... 0.        1.5123518 0.       ]
[0. 0. 0. ... 0. 0. 0.]
[0.        0.        0.        ... 0.        0.        8.1449995]
[0. 0. 0. ... 0. 0. 0.]
[0.      0.      0.      ... 0.      8.96319 0.     ]
[0. 0. 0. ... 0. 0. 0.]
[0. 0. 0. ... 0. 0. 0.]
[0. 0. 0. ... 0. 0. 0.]
[0. 0. 0. ... 0. 0. 0.]
[0. 0. 0. ... 0. 0. 0.]
[0. 0. 0. ... 0. 0. 0.]
[0.        0.        0.        ... 0.        0.8769323 0.       ]
[9.406054  0.        0.        ... 0.        0.5803067 0.       ]
[0. 0. 0. ... 0. 0. 0.]
[0.        0.        0.        ... 0.        1.8225038 0.       ]
[28.022282  0.        0.       ...  0.        8.262078  0.      ]
[0.        0.        0.        ... 0.        1.4104068 0.       ]
[0. 0. 0. ... 0. 0. 0.]
[ 4.7691393  0.         3.672234  ...  0.        49.78356    3.1957374]
[0. 0. 0. ... 0. 0. 0.]
[0. 0. 0. ... 0. 0. 0.]
[ 0.        0.        0.       ...  0.       31.262388  0.      ]
[0.       0.       0.       ... 0.       8.732254 0.      ]
[0. 0. 0. ... 0. 0. 0.]
[0. 0. 0. ... 0. 0. 0.]
[0. 0. 0. ... 0. 0. 0.]
